Time, Susceptible, Infected, Recovered, Dead
1,499,1,0,0
2,499,1,0,0
3,499,1,0,0
4,499,1,0,0
5,499,1,0,0
6,499,1,0,0
7,499,1,0,0
8,499,1,0,0
9,499,1,0,0
10,499,1,0,0
11,499,1,0,0
12,499,1,0,0
13,499,1,0,0
14,499,1,0,0
15,499,1,0,0
16,499,1,0,0
17,499,1,0,0
18,499,1,0,0
19,499,1,0,0
20,499,1,0,0
21,499,1,0,0
22,499,1,0,0
23,499,1,0,0
24,499,1,0,0
25,499,1,0,0
26,499,1,0,0
27,499,1,0,0
28,499,1,0,0
29,499,1,0,0
30,499,1,0,0
31,499,1,0,0
32,499,1,0,0
33,499,1,0,0
34,499,1,0,0
35,499,1,0,0
36,499,1,0,0
37,499,1,0,0
38,499,1,0,0
39,499,1,0,0
40,499,1,0,0
41,499,1,0,0
42,499,1,0,0
43,499,1,0,0
44,499,1,0,0
45,499,1,0,0
46,499,1,0,0
47,499,1,0,0
48,499,1,0,0
49,499,0,1,0
50,499,0,1,0
51,499,0,1,0
52,499,0,1,0
53,499,0,1,0
54,499,0,1,0
55,499,0,1,0
56,499,0,1,0
57,499,0,1,0
58,499,0,1,0
59,499,0,1,0
60,499,0,1,0
61,499,0,1,0
62,499,0,1,0
63,499,0,1,0
64,499,0,1,0
65,499,0,1,0
66,499,0,1,0
67,499,0,1,0
68,499,0,1,0
69,499,0,1,0
70,499,0,1,0
71,499,0,1,0
72,499,0,1,0
73,499,0,1,0
74,499,0,1,0
75,499,0,1,0
76,499,0,1,0
77,499,0,1,0
78,499,0,1,0
79,499,0,1,0
80,499,0,1,0
81,499,0,1,0
82,499,0,1,0
83,499,0,1,0
84,499,0,1,0
85,499,0,1,0
86,499,0,1,0
87,499,0,1,0
88,499,0,1,0
89,499,0,1,0
90,499,0,1,0
91,499,0,1,0
92,499,0,1,0
93,499,0,1,0
94,499,0,1,0
95,499,0,1,0
96,499,0,1,0
97,499,0,1,0
98,499,0,1,0
99,499,0,1,0
100,499,0,1,0
101,499,0,1,0
102,499,0,1,0
103,499,0,1,0
104,499,0,1,0
105,499,0,1,0
106,499,0,1,0
107,499,0,1,0
108,499,0,1,0
109,499,0,1,0
110,499,0,1,0
111,499,0,1,0
112,499,0,1,0
113,499,0,1,0
114,499,0,1,0
115,499,0,1,0
116,499,0,1,0
117,499,0,1,0
118,499,0,1,0
119,499,0,1,0
120,499,0,1,0
121,499,0,1,0
122,499,0,1,0
123,499,0,1,0
124,499,0,1,0
125,499,0,1,0
126,499,0,1,0
127,499,0,1,0
128,499,0,1,0
129,499,0,1,0
130,499,0,1,0
131,499,0,1,0
132,499,0,1,0
133,499,0,1,0
134,499,0,1,0
135,499,0,1,0
136,499,0,1,0
137,499,0,1,0
138,499,0,1,0
139,499,0,1,0
140,499,0,1,0
141,499,0,1,0
142,499,0,1,0
143,499,0,1,0
144,499,0,1,0
145,499,0,1,0
146,499,0,1,0
147,499,0,1,0
148,499,0,1,0
149,499,0,1,0
150,499,0,1,0
151,499,0,1,0
152,499,0,1,0
153,499,0,1,0
154,499,0,1,0
155,499,0,1,0
156,499,0,1,0
157,499,0,1,0
158,499,0,1,0
159,499,0,1,0
160,499,0,1,0
161,499,0,1,0
162,499,0,1,0
163,499,0,1,0
164,499,0,1,0
165,499,0,1,0
166,499,0,1,0
167,499,0,1,0
168,499,0,1,0
169,499,0,1,0
170,499,0,1,0
171,499,0,1,0
172,499,0,1,0
173,499,0,1,0
174,499,0,1,0
175,499,0,1,0
176,499,0,1,0
177,499,0,1,0
178,499,0,1,0
179,499,0,1,0
180,499,0,1,0
181,499,0,1,0
182,499,0,1,0
183,499,0,1,0
184,499,0,1,0
185,499,0,1,0
186,499,0,1,0
187,499,0,1,0
